Lines DB

DS 1

LineString (-1.06326530612244907 -0.46530612244897962, 0.92448979591836755 -0.42448979591836755)
LineString (-1.08775510204081627 -0.07755102040816331, -0.76938775510204072 -0.13469387755102047, -0.71224489795918355 0.00408163265306116, -0.61020408163265305 0.13061224489795908, -0.42653061224489797 0.22448979591836726, -0.23061224489795906 0.19999999999999996, -0.0428571428571427 0.08571428571428563, 0.0346938775510206 -0.03673469387755102, -0.01836734693877551 -0.08571428571428585, -0.07551020408163245 -0.00816326530612255, -0.15714285714285703 0.04081632653061218, -0.21428571428571419 0, -0.23877551020408161 0.02040816326530603, -0.17755102040816317 0.08979591836734691, -0.34897959183673466 0.13061224489795908, -0.45510204081632644 0.08979591836734691, -0.57755102040816331 -0.02040816326530615, -0.45510204081632644 -0.03673469387755102, -0.393877551020408 -0.08979591836734713, -0.40612244897959182 -0.16734693877551021, -0.44693877551020411 -0.13877551020408174, -0.44693877551020411 -0.106122448979592, -0.53673469387755102 -0.07346938775510203, -0.63877551020408152 -0.07346938775510203, -0.63877551020408152 -0.14693877551020429, -0.2795918367346939 -0.23673469387755119, 0.14489795918367365 -0.1959183673469389, 0.2551020408163267 0.00816326530612232, 0.1530612244897962 0.14693877551020396, -0.23469387755102034 0.39183673469387748, -0.47551020408163258 0.38775510204081631, -0.72448979591836737 0.27346938775510199, -0.80204081632653068 0.05306122448979589, -0.86326530612244889 0.05306122448979589, -0.83469387755102042 0.19999999999999996, -0.71632653061224483 0.39183673469387748, -0.49591836734693873 0.48571428571428565, -0.23469387755102034 0.49387755102040809, -0.15714285714285703 0.61632653061224485, -0.02244897959183678 0.63265306122448983, 0.11632653061224518 0.55918367346938769, 0.13265306122448983 0.4408163265306122, 0.06326530612244907 0.4408163265306122, 0.0591836734693878 0.51020408163265296, -0.03469387755102016 0.55102040816326525, -0.07142857142857117 0.4408163265306122, 0.07959183673469417 0.32244897959183672, 0.30000000000000027 0.18775510204081625, 0.47142857142857153 0.06530612244897949, 0.4918367346938779 -0.03265306122448997, 0.40612244897959204 -0.05714285714285716, 0.40204081632653077 0.04897959183673462, 0.35306122448979593 0.04897959183673462, 0.34489795918367339 -0.10204081632653073, 0.47142857142857153 -0.22448979591836737, 0.81836734693877577 -0.08163265306122458)

DS 2

LineString (-0.75283631820074914 0.70959600166597325, 2.35466888796335061 0.64708871303623572)
LineString (-1.1775510204081634 -0.00408163265306127, -0.81428571428571428 0.19183673469387752, -0.61020408163265305 -0.00816326530612255, -0.42653061224489797 0.15102040816326523, -0.6020408163265305 0.32244897959183672, -0.5122448979591836 0.42040816326530606, -0.19387755102040805 0.16326530612244894, -0.083673469387755 -0.05714285714285716)

DS 3

LineString (-0.75283631820074914 0.70959600166597325, 2.35466888796335061 0.64708871303623572)
LineString (-0.73497709287796686 1.13821740941274596, 0.28299875052061729 1.63827571845064712, 0.5062390670553949 1.29002082465639445, 0.24728029987505318 1.25430237401082989, 0.24728029987505318 1.42396501457726066, -0.0027488546438974 1.29002082465639445, 0.29192836318200843 1.04892128279883501, 0.72054977092878092 1.07571012078300843, 0.63125364431486997 1.45075385256143408, 0.20263223656809748 1.83472719700125109, 0.90807163681799397 1.71864223240316694, 0.88128279883382055 1.34359850062474084, 1.25632653061224664 1.1024989587671814, 2.05999167013744477 1.3793169512703054)

DS 4

LineString (-0.75283631820074914 0.70959600166597325, 2.35466888796335061 0.64708871303623572)
LineString (-0.73497709287796686 1.13821740941274596, -0.2815076711234259 1.38834907224030912, -0.23017151017008153 1.57943367134442392, -0.17883534921673727 1.45109326896106317, 0.23451459850912548 1.63257170056694223, 0.5062390670553949 1.29002082465639445, 0.24728029987505318 1.25430237401082989, 0.24728029987505318 1.42396501457726066, -0.0027488546438974 1.29002082465639445, 0.29192836318200843 1.04892128279883501, 0.72054977092878092 1.07571012078300843, 0.63125364431486997 1.45075385256143408, 0.20263223656809748 1.83472719700125109, 0.90807163681799397 1.71864223240316694, 0.88128279883382055 1.34359850062474084, 1.25632653061224664 1.1024989587671814, 2.05999167013744477 1.3793169512703054)

DS 5

LineString (-0.75283631820074914 0.70959600166597325, 2.35466888796335061 0.64708871303623572)
LineString (-0.73497709287796686 1.13821740941274596, -0.27865566218157345 1.43112920636809582, -0.34710387678603249 1.49672541203070253, -0.28435968006527834 1.57658166240257147, -0.19309539392599961 1.69351402901852222, -0.2045034296934094 1.4596492957866205, 0.0350653214221972 1.47390934049588296, 0.23451459850912548 1.63257170056694223, 0.5062390670553949 1.29002082465639445, 0.24728029987505318 1.25430237401082989, 0.24728029987505318 1.42396501457726066, -0.0027488546438974 1.29002082465639445, 0.29192836318200843 1.04892128279883501, 0.72054977092878092 1.07571012078300843, 0.63125364431486997 1.45075385256143408, 0.20263223656809748 1.83472719700125109, 0.90807163681799397 1.71864223240316694, 0.88128279883382055 1.34359850062474084, 1.25632653061224664 1.1024989587671814, 2.05999167013744477 1.3793169512703054)

DS 6

LineString (-0.75283631820074914 0.70959600166597325, 2.35466888796335061 0.64708871303623572)
LineString (-0.73497709287796686 1.13821740941274596, -0.27865566218157345 1.43112920636809582, -0.34710387678603249 1.49672541203070253, -0.37384146061589896 1.44467624884189605, -0.42802963051109572 1.46178830249301073, -0.43088163945294816 1.51312446344635498, -0.40236155003442353 1.55020057969043701, -0.36243342484848912 1.59298071381822393, -0.29113320130217757 1.5851376892281297, -0.24906606940985382 1.65073389489073641, -0.19309539392599961 1.69351402901852222, -0.18133085704085783 1.58870270040544526, -0.23694503140698076 1.53166252156839611, -0.2045034296934094 1.4596492957866205, 0.0350653214221972 1.47390934049588296, 0.10387003714438825 1.5559045975741419, 0.06251590748752767 1.64574287924249441, 0.15948421151051129 1.60724075852748616, 0.23451459850912548 1.63257170056694223, 0.5062390670553949 1.29002082465639445, 0.24728029987505318 1.25430237401082989, 0.24728029987505318 1.42396501457726066, -0.0027488546438974 1.29002082465639445, 0.2022643456382982 1.18656943960424877, 0.29352863177757693 1.17516140383683876, 0.33060474802165896 1.20368149325536344, 0.37053287320759343 1.19227345748795366, 0.39334894474241322 1.15234533230201919, 0.31919671225424917 1.10386118029052738, 0.29192836318200843 1.04892128279883501, 0.72054977092878092 1.07571012078300843, 0.63125364431486997 1.45075385256143408, 0.20263223656809748 1.83472719700125109, 0.90807163681799397 1.71864223240316694, 0.88128279883382055 1.34359850062474084, 1.25632653061224664 1.1024989587671814, 2.05999167013744477 1.3793169512703054)

DS 7

LineString (-0.96530612244897962 -0.416326530612245, 0.82653061224489832 -0.33061224489795937)
LineString (-0.9408163265306122 -0.18367346938775531, -0.63469387755102047 0.25306122448979584, -0.25918367346938775 -0.21632653061224505, -0.00204081632653041 0.12653061224489792, 0.21836734693877569 -0.15918367346938789, 0.38979591836734695 0.00408163265306116, 0.54489795918367356 -0.08163265306122458, 0.63877551020408196 -0.01632653061224509, 0.68367346938775508 -0.05714285714285716, 0.75714285714285712 0.01632653061224476)

DS 8

LineString (-1.14489795918367343 -0.60408163265306136, 1.41836734693877586 -0.5346938775510206)
LineString (-1.25102040816326543 0.05306122448979589, -0.67959183673469381 -0.17142857142857149, -0.82653061224489788 0.08163265306122436, -0.62653061224489792 0.33877551020408159, -0.3816326530612244 0.44897959183673464, -0.13673469387755088 0.45306122448979591, -0.10816326530612241 0.59591836734693882, -0.21020408163265292 0.62040816326530601, -0.19387755102040805 0.74285714285714288, -0.05102040816326525 0.67755102040816317, 0.03877551020408188 0.54693877551020398, 0.01836734693877551 0.41632653061224489, 0.14489795918367365 0.32653061224489788, 0.35306122448979593 0.22448979591836726, 0.51632653061224509 0.26530612244897955, 0.54081632653061229 0.43673469387755093, 0.32040816326530619 0.43673469387755093, 0.33265306122449001 0.53469387755102038, 0.63061224489795942 0.52244897959183667, 0.59795918367346967 0.2857142857142857, 0.75306122448979629 0.34285714285714275, 0.73265306122448992 0.47346938775510194, 0.83061224489795915 0.36734693877551017, 0.85918367346938807 0.19591836734693868, 0.74897959183673501 0.24489795918367341, 0.48775510204081662 0.11020408163265294, 0.66734693877551043 -0.06122448979591844, 0.74081632653061247 -0.23673469387755119, 1.32448979591836746 0.05306122448979589)

DS 9

LineString (-1.14489795918367343 -0.60408163265306136, 1.41836734693877586 -0.5346938775510206)
LineString (-1.21836734693877546 -0.26122448979591839, -0.80612244897959173 -0.34693877551020424, -0.74081632653061225 -0.21224489795918378, -0.62653061224489792 -0.20408163265306123, -0.52040816326530615 -0.08571428571428585, -0.3040816326530611 -0.106122448979592, -0.14489795918367343 -0.08979591836734713, 0.01428571428571423 -0.13469387755102047, 0.25918367346938798 -0.08979591836734713, 0.41020408163265332 -0.14285714285714302, 0.43469387755102051 -0.01632653061224509, 0.21428571428571441 0.04897959183673462, -0.21020408163265292 0.03673469387755091, -0.3693877551020408 0.1020408163265305, -0.01428571428571423 0.10612244897959178, -0.08775510204081627 0.28979591836734686, -0.01020408163265296 0.28979591836734686, 0.00612244897959213 0.17551020408163254, 0.11224489795918391 0.17551020408163254, 0.09183673469387754 0.59999999999999998, 0.14897959183673493 0.59183673469387754, 0.16938775510204085 0.12653061224489792, 0.2551020408163267 0.12244897959183665, 0.24693877551020416 0.80408163265306121, -0.71224489795918355 0.80000000000000004, -0.54081632653061229 0.17959183673469381, -0.87551020408163271 -0.05306122448979611, -0.87142857142857144 0.03265306122448974, -0.62653061224489792 0.18367346938775508, -0.78571428571428559 0.8571428571428571, 0.32857142857142874 0.8571428571428571, 0.32448979591836746 0.14693877551020396, 0.54489795918367356 0.00408163265306116, 0.53265306122448974 -0.106122448979592, 0.57755102040816331 -0.20000000000000018, 0.67142857142857171 -0.30204081632653068, 1.41020408163265332 -0.21224489795918378)

DS Special

LineString (-1.25102040816326543 -0.73877551020408183, 0.93673469387755137 -0.59183673469387776)
LineString (-1.3040816326530611 -0.17551020408163276, -0.83469387755102042 -0.26938775510204094, -0.77346938775510199 -0.06938775510204098, -0.86734693877551017 0.02448979591836731, -0.94489795918367347 -0.01224489795918382, -0.97346938775510194 0.04081632653061218, -0.86734693877551017 0.1020408163265305, -0.78163265306122454 0.02857142857142847, -0.71632653061224483 0.00816326530612232, -0.67959183673469381 0.10612244897959178, -0.76530612244897966 0.19999999999999996, -1.00612244897959191 0.17551020408163254, -1.1489795918367347 0.06122448979591832, -1.15714285714285703 0.09387755102040807, -1.04285714285714293 0.19183673469387752, -0.89183673469387759 0.2326530612244897, -1.01428571428571423 0.33877551020408159, -0.9285714285714286 0.35510204081632646, -0.83061224489795915 0.23673469387755097, -0.66326530612244894 0.2204081632653061, -0.6020408163265305 0.14285714285714279, -0.51632653061224487 0.20408163265306112, -0.41428571428571415 0.30204081632653057, -0.25102040816326521 0.26938775510204072, -0.17755102040816317 0.33061224489795915, -0.0428571428571427 0.39591836734693875, 0.03061224489795933 0.25714285714285712, -0.02653061224489806 0.25306122448979584, -0.03877551020408143 0.31836734693877544, -0.15714285714285703 0.28979591836734686, -0.18571428571428572 0.19999999999999996, -0.09591836734693882 0.06122448979591832, 0.00612244897959213 -0.05714285714285716, 0.16530612244897958 0.03265306122448974, 0.21020408163265314 0.1673469387755101, 0.16938775510204085 0.30204081632653057, 0.10000000000000009 0.39999999999999991, -0.11224489795918369 0.47755102040816322, -0.29999999999999982 0.42040816326530606, -0.29591836734693877 0.47346938775510194, -0.13673469387755088 0.52244897959183667, 0.12040816326530601 0.45714285714285707, 0.27551020408163263 0.25714285714285712, 0.24285714285714288 0.01632653061224476, 0.02653061224489806 -0.1183673469387756, -0.07551020408163245 -0.21632653061224505, 0.14897959183673493 -0.33061224489795937, 0.83061224489795915 -0.05306122448979611)
Polygon ((-0.65918367346938767 -0.19183673469387763, -0.65510204081632639 -0.00408163265306127, -0.59795918367346923 0.07346938775510192, -0.56530612244897949 -0.02448979591836742, -0.5244897959183672 -0.00816326530612255, -0.55306122448979589 0.1020408163265305, -0.42244897959183669 0.18775510204081625, -0.26734693877551008 0.18775510204081625, -0.15306122448979576 0.05306122448979589, -0.25102040816326521 -0.01224489795918382, -0.27142857142857135 0.06938775510204076, -0.32448979591836724 0.06938775510204076, -0.29999999999999982 -0.04897959183673484, -0.25510204081632648 -0.11020408163265305, -0.15306122448979576 -0.09387755102040818, -0.16530612244897958 -0.24081632653061247, -0.34897959183673466 -0.25306122448979607, -0.41428571428571415 -0.17142857142857149, -0.50408163265306127 -0.13877551020408174, -0.58571428571428563 -0.22448979591836737, -0.65918367346938767 -0.19183673469387763))

22
6

DS Special

LineString (-1.25102040816326543 -0.73877551020408183, 0.93673469387755137 -0.59183673469387776)
LineString (-1.3040816326530611 -0.17551020408163276, -0.83469387755102042 -0.26938775510204094, -0.77346938775510199 -0.06938775510204098, -0.86734693877551017 0.02448979591836731, -0.94489795918367347 -0.01224489795918382, -0.97346938775510194 0.04081632653061218, -0.86734693877551017 0.1020408163265305, -0.78163265306122454 0.02857142857142847, -0.71632653061224483 0.00816326530612232, -0.67959183673469381 0.10612244897959178, -0.76530612244897966 0.19999999999999996, -0.66326530612244894 0.2204081632653061, -0.6020408163265305 0.14285714285714279, -0.51632653061224487 0.20408163265306112, -0.41428571428571415 0.30204081632653057, -0.25102040816326521 0.26938775510204072, -0.17755102040816317 0.33061224489795915, -0.15714285714285703 0.28979591836734686, -0.18571428571428572 0.19999999999999996, -0.09591836734693882 0.06122448979591832, 0.00612244897959213 -0.05714285714285716, 0.16530612244897958 0.03265306122448974, 0.24285714285714288 0.01632653061224476, 0.02653061224489806 -0.1183673469387756, -0.07551020408163245 -0.21632653061224505, 0.14897959183673493 -0.33061224489795937, 0.83061224489795915 -0.05306122448979611)
Polygon ((-0.65918367346938767 -0.19183673469387763, -0.65510204081632639 -0.00408163265306127, -0.59795918367346923 0.07346938775510192, -0.56530612244897949 -0.02448979591836742, -0.5244897959183672 -0.00816326530612255, -0.55306122448979589 0.1020408163265305, -0.42244897959183669 0.18775510204081625, -0.26734693877551008 0.18775510204081625, -0.15306122448979576 0.05306122448979589, -0.25102040816326521 -0.01224489795918382, -0.27142857142857135 0.06938775510204076, -0.32448979591836724 0.06938775510204076, -0.29999999999999982 -0.04897959183673484, -0.25510204081632648 -0.11020408163265305, -0.15306122448979576 -0.09387755102040818, -0.16530612244897958 -0.24081632653061247, -0.34897959183673466 -0.25306122448979607, -0.41428571428571415 -0.17142857142857149, -0.50408163265306127 -0.13877551020408174, -0.58571428571428563 -0.22448979591836737, -0.65918367346938767 -0.19183673469387763))

14
6

LineString (-1.3040816326530611 -0.17551020408163276, -0.83469387755102042 -0.26938775510204094, -0.77346938775510199 -0.06938775510204098, -0.86734693877551017 0.02448979591836731, -0.94489795918367347 -0.01224489795918382, -0.97346938775510194 0.04081632653061218, -0.86734693877551017 0.1020408163265305, -0.78163265306122454 0.02857142857142847, -0.72123661799388505 0.03752937718888849, -0.67959183673469381 0.10612244897959178, -0.74519746809134857 0.19218577327251635, -0.67549317689872757 0.24446399166698207, -0.6020408163265305 0.14285714285714279, -0.51632653061224487 0.20408163265306112, -0.41628034402616809 0.25971180536536792, -0.2790500207406954 0.25317702806605974, -0.18571428571428572 0.19999999999999996, -0.09591836734693882 0.06122448979591832, -0.06775888806306307 -0.0539575050014266, -0.05904585166398535 -0.12366179619404771, -0.07551020408163245 -0.21632653061224505, 0.14897959183673493 -0.33061224489795937, 0.83061224489795915 -0.05306122448979611)

15
7

# Concavity

LineString (-0.54489795918367334 -0.44081632653061242, -0.32040816326530597 -0.44081632653061242)
LineString (-0.51632653061224487 -0.02448979591836742, -0.71632653061224483 -0.18367346938775531, -0.92040816326530606 -0.15918367346938789, -0.81836734693877555 0.08163265306122436, -1.28775510204081645 0.11020408163265294, -1.30816326530612237 0.21632653061224483, -1.52040816326530615 0.30612244897959173, -1.04693877551020398 0.86122448979591837, -0.95714285714285707 0.75102040816326532, -1.14489795918367343 0.62040816326530601, -1.0714285714285714 0.48571428571428565, -1.13265306122448983 0.45306122448979591, -1.18571428571428572 0.54693877551020398, -1.35306122448979593 0.3755102040816326, -1.18571428571428572 0.19183673469387752, -1.0591836734693878 0.36326530612244889, -0.97755102040816322 0.33469387755102031, -1.10000000000000009 0.19999999999999996, -0.81836734693877555 0.1551020408163265, -0.69999999999999996 0.38775510204081631, -0.83469387755102042 0.46530612244897951, -0.76122448979591839 0.55918367346938769, -0.71224489795918355 0.52244897959183667, -0.74489795918367352 0.47755102040816322, -0.65510204081632639 0.43673469387755093, -0.49591836734693873 0.70204081632653059, -0.41428571428571415 0.59183673469387754, -0.59387755102040818 0.28163265306122442, -0.50408163265306127 0.25306122448979584, -0.2918367346938775 0.67755102040816317, -0.65918367346938767 0.82448979591836735, -0.80612244897959173 0.62040816326530601, -0.87959183673469377 0.62857142857142856, -0.7204081632653061 0.93061224489795924, -0.35714285714285698 0.78367346938775506, -0.31224489795918364 0.90612244897959182, -0.19795918367346932 0.87755102040816324, -0.25510204081632648 0.77551020408163263, -0.13673469387755088 0.72653061224489801, -0.35714285714285698 0.24081632653061213, -0.27142857142857135 0.1551020408163265, -0.12448979591836729 0.13061224489795908, 0.05102040816326525 0.32244897959183672, -0.10816326530612241 0.49387755102040809, 0.14897959183673493 0.72653061224489801, 0.58979591836734713 0.43673469387755093, 0.55306122448979611 0.35510204081632646, 0.16938775510204085 0.61632653061224485, 0.00612244897959213 0.50204081632653064, 0.10816326530612264 0.34285714285714275, 0.18571428571428594 0.33877551020408159, 0.13265306122448983 0.27346938775510199, 0.04285714285714315 0.23673469387755097, 0.01428571428571423 0.08571428571428563, 0.28775510204081645 -0.28979591836734708, 0.04693877551020398 -0.35918367346938784, -0.03469387755102016 -0.23265306122448992, 0.11224489795918391 -0.21224489795918378, 0.10816326530612264 -0.26530612244897966, 0.06734693877551035 -0.26530612244897966, 0.06734693877551035 -0.30612244897959195, 0.18571428571428594 -0.25714285714285734, -0.00612244897959169 0.02448979591836731, -0.29591836734693877 0.04081632653061218, -0.12448979591836729 -0.10204081632653073, -0.23469387755102034 -0.17551020408163276, -0.36122448979591826 -0.07346938775510203)

# >>>>>>>>>


python /home/user/concavities/src/lcip.py 'LineString (-1.14489795918367343 -0.60408163265306136, 1.41836734693877586 -0.5346938775510206)' 'LineString (-1.21836734693877546 -0.26122448979591839, -0.80612244897959173 -0.34693877551020424, -0.74081632653061225 -0.21224489795918378, -0.62653061224489792 -0.20408163265306123, -0.52040816326530615 -0.08571428571428585, -0.3040816326530611 -0.106122448979592, -0.14489795918367343 -0.08979591836734713, 0.01428571428571423 -0.13469387755102047, 0.25918367346938798 -0.08979591836734713, 0.41020408163265332 -0.14285714285714302, 0.43469387755102051 -0.01632653061224509, 0.21428571428571441 0.04897959183673462, -0.21020408163265292 0.03673469387755091, -0.3693877551020408 0.1020408163265305, -0.01428571428571423 0.10612244897959178, -0.08775510204081627 0.28979591836734686, -0.01020408163265296 0.28979591836734686, 0.00612244897959213 0.17551020408163254, 0.11224489795918391 0.17551020408163254, 0.09183673469387754 0.59999999999999998, 0.14897959183673493 0.59183673469387754, 0.16938775510204085 0.12653061224489792, 0.2551020408163267 0.12244897959183665, 0.24693877551020416 0.80408163265306121, -0.71224489795918355 0.80000000000000004, -0.54081632653061229 0.17959183673469381, -0.87551020408163271 -0.05306122448979611, -0.87142857142857144 0.03265306122448974, -0.62653061224489792 0.18367346938775508, -0.78571428571428559 0.8571428571428571, 0.32857142857142874 0.8571428571428571, 0.32448979591836746 0.14693877551020396, 0.54489795918367356 0.00408163265306116, 0.53265306122448974 -0.106122448979592, 0.57755102040816331 -0.20000000000000018, 0.67142857142857171 -0.30204081632653068, 1.41020408163265332 -0.21224489795918378)' '0' '100' '0'
python /home/user/concavities/src/lcip.py 'LineString (-1.14489795918367343 -0.60408163265306136, 1.41836734693877586 -0.5346938775510206)' 'LineString (-1.25102040816326543 0.05306122448979589, -0.67959183673469381 -0.17142857142857149, -0.82653061224489788 0.08163265306122436, -0.62653061224489792 0.33877551020408159, -0.3816326530612244 0.44897959183673464, -0.13673469387755088 0.45306122448979591, -0.10816326530612241 0.59591836734693882, -0.21020408163265292 0.62040816326530601, -0.19387755102040805 0.74285714285714288, -0.05102040816326525 0.67755102040816317, 0.03877551020408188 0.54693877551020398, 0.01836734693877551 0.41632653061224489, 0.14489795918367365 0.32653061224489788, 0.35306122448979593 0.22448979591836726, 0.51632653061224509 0.26530612244897955, 0.54081632653061229 0.43673469387755093, 0.32040816326530619 0.43673469387755093, 0.33265306122449001 0.53469387755102038, 0.63061224489795942 0.52244897959183667, 0.59795918367346967 0.2857142857142857, 0.75306122448979629 0.34285714285714275, 0.73265306122448992 0.47346938775510194, 0.83061224489795915 0.36734693877551017, 0.85918367346938807 0.19591836734693868, 0.74897959183673501 0.24489795918367341, 0.48775510204081662 0.11020408163265294, 0.66734693877551043 -0.06122448979591844, 0.74081632653061247 -0.23673469387755119, 1.32448979591836746 0.05306122448979589)' '0' '100' '0' 
python /home/user/concavities/src/lcip.py 'LineString (-0.54489795918367334 -0.44081632653061242, -0.32040816326530597 -0.44081632653061242)' 'LineString (-0.51632653061224487 -0.02448979591836742, -0.71632653061224483 -0.18367346938775531, -0.92040816326530606 -0.15918367346938789, -0.81836734693877555 0.08163265306122436, -1.28775510204081645 0.11020408163265294, -1.30816326530612237 0.21632653061224483, -1.52040816326530615 0.30612244897959173, -1.04693877551020398 0.86122448979591837, -0.95714285714285707 0.75102040816326532, -1.14489795918367343 0.62040816326530601, -1.0714285714285714 0.48571428571428565, -1.13265306122448983 0.45306122448979591, -1.18571428571428572 0.54693877551020398, -1.35306122448979593 0.3755102040816326, -1.18571428571428572 0.19183673469387752, -1.0591836734693878 0.36326530612244889, -0.97755102040816322 0.33469387755102031, -1.10000000000000009 0.19999999999999996, -0.81836734693877555 0.1551020408163265, -0.69999999999999996 0.38775510204081631, -0.83469387755102042 0.46530612244897951, -0.76122448979591839 0.55918367346938769, -0.71224489795918355 0.52244897959183667, -0.74489795918367352 0.47755102040816322, -0.65510204081632639 0.43673469387755093, -0.49591836734693873 0.70204081632653059, -0.41428571428571415 0.59183673469387754, -0.59387755102040818 0.28163265306122442, -0.50408163265306127 0.25306122448979584, -0.2918367346938775 0.67755102040816317, -0.65918367346938767 0.82448979591836735, -0.80612244897959173 0.62040816326530601, -0.87959183673469377 0.62857142857142856, -0.7204081632653061 0.93061224489795924, -0.35714285714285698 0.78367346938775506, -0.31224489795918364 0.90612244897959182, -0.19795918367346932 0.87755102040816324, -0.25510204081632648 0.77551020408163263, -0.13673469387755088 0.72653061224489801, -0.35714285714285698 0.24081632653061213, -0.27142857142857135 0.1551020408163265, -0.12448979591836729 0.13061224489795908, 0.05102040816326525 0.32244897959183672, -0.10816326530612241 0.49387755102040809, 0.14897959183673493 0.72653061224489801, 0.58979591836734713 0.43673469387755093, 0.55306122448979611 0.35510204081632646, 0.16938775510204085 0.61632653061224485, 0.00612244897959213 0.50204081632653064, 0.10816326530612264 0.34285714285714275, 0.18571428571428594 0.33877551020408159, 0.13265306122448983 0.27346938775510199, 0.04285714285714315 0.23673469387755097, 0.01428571428571423 0.08571428571428563, 0.28775510204081645 -0.28979591836734708, 0.04693877551020398 -0.35918367346938784, -0.03469387755102016 -0.23265306122448992, 0.11224489795918391 -0.21224489795918378, 0.10816326530612264 -0.26530612244897966, 0.06734693877551035 -0.26530612244897966, 0.06734693877551035 -0.30612244897959195, 0.18571428571428594 -0.25714285714285734, -0.00612244897959169 0.02448979591836731, -0.29591836734693877 0.04081632653061218, -0.12448979591836729 -0.10204081632653073, -0.23469387755102034 -0.17551020408163276, -0.36122448979591826 -0.07346938775510203)' '0' '100' '0' 
python /home/user/concavities/src/lcip.py 'LineString (-0.96530612244897962 -0.416326530612245, 0.82653061224489832 -0.33061224489795937)' 'LineString (-0.9408163265306122 -0.18367346938775531, -0.63469387755102047 0.25306122448979584, -0.25918367346938775 -0.21632653061224505, -0.00204081632653041 0.12653061224489792, 0.21836734693877569 -0.15918367346938789, 0.38979591836734695 0.00408163265306116, 0.54489795918367356 -0.08163265306122458, 0.63877551020408196 -0.01632653061224509, 0.68367346938775508 -0.05714285714285716, 0.75714285714285712 0.01632653061224476)' '0' '100' '0' 



Line Segment:

LineString (-1.1693877551020404 -0.75918367346938775, 1.19795918367346999 -0.42448979591836733)

Lines Not Applicable:

LineString (-1.09591836734693882 0.36734693877551017, -0.98979591836734704 0.25714285714285712, -1.11632653061224474 -0.13877551020408174, -0.88775510204081631 -0.18775510204081636, -0.67959183673469381 -0.01224489795918382, -0.65918367346938767 0.16326530612244894, -0.58571428571428563 -0.01632653061224509, -0.5 0.2204081632653061, -0.39795918367346927 0.19999999999999996, -0.48367346938775513 -0.14285714285714302, -0.33265306122448979 0.02857142857142847, -0.34897959183673466 0.2857142857142857, -0.16530612244897958 0.27755102040816315, -0.30816326530612237 -0.07755102040816331, -0.21428571428571419 -0.29387755102040836, 0.01020408163265296 -0.2081632653061225, 0.04693877551020398 0.00816326530612232, -0.14489795918367343 0.01632653061224476, -0.04693877551020398 0.14285714285714279, 0.11224489795918391 0.08571428571428563, 0.30000000000000027 -0.08163265306122458, 0.11224489795918391 -0.17959183673469403, 0.25918367346938798 -0.29387755102040836, 1.06734693877551035 -0.00816326530612255, 0.78163265306122476 0.42448979591836733)
LineString (-1.10204081632653006 0.31326530612244885, -1.0326530612244893 0.333673469387755, -1.00408163265306127 0.28163265306122448, -0.94897959183673419 0.33775510204081616, -0.91224489795918318 0.26632653061224476, -0.94285714285714239 0.17040816326530595, -0.99387755102040765 0.06020408163265295, -0.94693877551020367 0.07040816326530597, -0.92244897959183625 0.11326530612244884, -0.85306122448979549 0.10510204081632635, -0.8775510204081628 0.03163265306122431, -1.00612244897959124 -0.0642857142857145, -1.11632653061224474 -0.13877551020408174, -0.88775510204081631 -0.18775510204081636, -0.67959183673469381 -0.01224489795918382, -0.65918367346938767 0.16326530612244894, -0.58571428571428563 -0.01632653061224509, -0.5 0.2204081632653061, -0.39795918367346927 0.19999999999999996, -0.48367346938775513 -0.14285714285714302, -0.33265306122448979 0.02857142857142847, -0.34897959183673466 0.2857142857142857, -0.16530612244897958 0.27755102040816315, -0.30816326530612237 -0.07755102040816331, -0.21428571428571419 -0.29387755102040836, 0.01020408163265296 -0.2081632653061225, 0.04693877551020398 0.00816326530612232, -0.14489795918367343 0.01632653061224476, -0.04693877551020398 0.14285714285714279, 0.11224489795918391 0.08571428571428563, 0.30000000000000027 -0.08163265306122458, 0.11224489795918391 -0.17959183673469403, 0.25918367346938798 -0.29387755102040836, 1.23877551020408183 -0.08571428571428585, 0.99795918367347003 0.32346938775510198, 0.94897959183673519 0.24387755102040809, 0.81224489795918431 0.30714285714285711)

LineString (-1.03871604518525262 0.2484907118426537, -1.0326530612244893 0.333673469387755, -1.00408163265306127 0.28163265306122448, -0.94897959183673419 0.33775510204081616, -0.91224489795918318 0.26632653061224476, -0.94285714285714239 0.17040816326530595, -0.99387755102040765 0.06020408163265295, -0.94693877551020367 0.07040816326530597, -0.92244897959183625 0.11326530612244884, -0.85306122448979549 0.10510204081632635, -0.8775510204081628 0.03163265306122431, -1.00612244897959124 -0.0642857142857145, -1.11632653061224474 -0.13877551020408174, -0.88775510204081631 -0.18775510204081636, -0.67959183673469381 -0.01224489795918382, -0.65918367346938767 0.16326530612244894, -0.58571428571428563 -0.01632653061224509, -0.5 0.2204081632653061, -0.39795918367346927 0.19999999999999996, -0.48367346938775513 -0.14285714285714302, -0.33265306122448979 0.02857142857142847, -0.34897959183673466 0.2857142857142857, -0.16530612244897958 0.27755102040816315, -0.30816326530612237 -0.07755102040816331, -0.21428571428571419 -0.29387755102040836, 0.01020408163265296 -0.2081632653061225, 0.04693877551020398 0.00816326530612232, -0.14489795918367343 0.01632653061224476, -0.04693877551020398 0.14285714285714279, 0.11224489795918391 0.08571428571428563, 0.30000000000000027 -0.08163265306122458, 0.11224489795918391 -0.17959183673469403, 0.25918367346938798 -0.29387755102040836, 1.23877551020408183 -0.08571428571428585, 0.99795918367347003 0.32346938775510198, 0.94897959183673519 0.24387755102040809, 0.81224489795918431 0.30714285714285711)
LineString (-1.03871604518525262 0.2484907118426537, -1.0326530612244893 0.333673469387755, -1.00408163265306127 0.28163265306122448, -0.94897959183673419 0.33775510204081616, -0.91224489795918318 0.26632653061224476, -0.94285714285714239 0.17040816326530595, -1.15057163681799235 0.14209704289879188, -0.94693877551020367 0.07040816326530597, -0.92244897959183625 0.11326530612244884, -0.85306122448979549 0.10510204081632635, -0.8775510204081628 0.03163265306122431, -1.00612244897959124 -0.0642857142857145, -1.18181278633902531 -0.13907330279050434, -0.88775510204081631 -0.18775510204081636, -0.67959183673469381 -0.01224489795918382, -0.65918367346938767 0.16326530612244894, -0.58571428571428563 -0.01632653061224509, -0.5 0.2204081632653061, -0.39795918367346927 0.19999999999999996, -0.48367346938775513 -0.14285714285714302, -0.33265306122448979 0.02857142857142847, -0.34897959183673466 0.2857142857142857, -0.16530612244897958 0.27755102040816315, -0.30816326530612237 -0.07755102040816331, -0.21428571428571419 -0.29387755102040836, 0.01020408163265296 -0.2081632653061225, 0.04693877551020398 0.00816326530612232, -0.14489795918367343 0.01632653061224476, -0.04693877551020398 0.14285714285714279, 0.11224489795918391 0.08571428571428563, 0.30000000000000027 -0.08163265306122458, 0.11224489795918391 -0.17959183673469403, 0.25918367346938798 -0.29387755102040836, 1.23877551020408183 -0.08571428571428585, 0.99795918367347003 0.32346938775510198, 0.94897959183673519 0.24387755102040809, 0.81224489795918431 0.30714285714285711)
LineString (-1.03871604518525262 0.2484907118426537, -1.0326530612244893 0.333673469387755, -1.00408163265306127 0.28163265306122448, -0.94897959183673419 0.33775510204081616, -0.91224489795918318 0.26632653061224476, -0.94285714285714239 0.17040816326530595, -1.15057163681799235 0.14209704289879188, -0.94693877551020367 0.07040816326530597, -0.92244897959183625 0.11326530612244884, -0.85306122448979549 0.10510204081632635, -0.8775510204081628 0.03163265306122431, -1.00612244897959124 -0.0642857142857145, -1.18181278633902531 -0.13907330279050434, -0.88775510204081631 -0.18775510204081636, -0.67959183673469381 -0.01224489795918382, -0.65918367346938767 0.16326530612244894, -0.58571428571428563 -0.01632653061224509, -0.5 0.2204081632653061, -0.39795918367346927 0.19999999999999996, -0.48367346938775513 -0.14285714285714302, -0.33265306122448979 0.02857142857142847, -0.34897959183673466 0.2857142857142857, -0.16530612244897958 0.27755102040816315, -0.30816326530612237 -0.07755102040816331, -0.21428571428571419 -0.29387755102040836, 0.01020408163265296 -0.2081632653061225, 0.04693877551020398 0.00816326530612232, -0.14489795918367343 0.01632653061224476, -0.04693877551020398 0.14285714285714279, 0.11224489795918391 0.08571428571428563, 0.30000000000000027 -0.08163265306122458, 0.11224489795918391 -0.17959183673469403, 0.25918367346938798 -0.29387755102040836, 1.23877551020408183 -0.08571428571428585, 0.99795918367347003 0.32346938775510198, 0.89452207413577756 0.28148063306955418, 0.89211890878800593 0.17814452311536838)
LineString (-1.03871604518525262 0.2484907118426537, -1.0326530612244893 0.333673469387755, -1.00408163265306127 0.28163265306122448, -0.94897959183673419 0.33775510204081616, -0.91224489795918318 0.26632653061224476, -0.94285714285714239 0.17040816326530595, -1.15057163681799235 0.14209704289879188, -0.94693877551020367 0.07040816326530597, -0.92244897959183625 0.11326530612244884, -0.85306122448979549 0.10510204081632635, -0.8775510204081628 0.03163265306122431, -1.00612244897959124 -0.0642857142857145, -1.18181278633902531 -0.13907330279050434, -0.88775510204081631 -0.18775510204081636, -0.67959183673469381 -0.01224489795918382, -0.65918367346938767 0.16326530612244894, -0.58571428571428563 -0.01632653061224509, -0.5 0.2204081632653061, -0.39795918367346927 0.19999999999999996, -0.48367346938775513 -0.14285714285714302, -0.33265306122448979 0.02857142857142847, -0.34897959183673466 0.2857142857142857, -0.16530612244897958 0.27755102040816315, -0.30816326530612237 -0.07755102040816331, -0.21428571428571419 -0.29387755102040836, 0.01020408163265296 -0.2081632653061225, 0.04693877551020398 0.00816326530612232, -0.14489795918367343 0.01632653061224476, -0.04693877551020398 0.14285714285714279, 0.11224489795918391 0.08571428571428563, 0.30000000000000027 -0.08163265306122458, 0.11224489795918391 -0.17959183673469403, 0.25918367346938798 -0.29387755102040836, 1.23877551020408183 -0.08571428571428585, 0.99795918367347003 0.32346938775510198, 0.89452207413577756 0.28148063306955418, 0.91855372761349519 0.17574135776759658, 0.80800812161599422 0.15651603498542249)

LineString (-1.03871604518525262 0.2484907118426537, -1.0326530612244893 0.333673469387755, -1.00408163265306127 0.28163265306122448, -0.94897959183673419 0.33775510204081616, -0.91224489795918318 0.26632653061224476, -0.94285714285714239 0.17040816326530595, -0.99387755102040765 0.06020408163265295, -0.94693877551020367 0.07040816326530597, -0.92244897959183625 0.11326530612244884, -0.85306122448979549 0.10510204081632635, -0.8775510204081628 0.03163265306122431, -1.00612244897959124 -0.0642857142857145, -1.11632653061224474 -0.13877551020408174, -0.88775510204081631 -0.18775510204081636, -0.67959183673469381 -0.01224489795918382, -0.65918367346938767 0.16326530612244894, -0.58571428571428563 -0.01632653061224509, -0.5 0.2204081632653061, -0.39795918367346927 0.19999999999999996, -0.48367346938775513 -0.14285714285714302, -0.33265306122448979 0.02857142857142847, -0.34897959183673466 0.2857142857142857, -0.16530612244897958 0.27755102040816315, -0.30816326530612237 -0.07755102040816331, -0.21428571428571419 -0.29387755102040836, 0.01020408163265296 -0.2081632653061225, 0.04693877551020398 0.00816326530612232, -0.14489795918367343 0.01632653061224476, -0.04693877551020398 0.14285714285714279, 0.11224489795918391 0.08571428571428563, 0.30000000000000027 -0.08163265306122458, 0.11224489795918391 -0.17959183673469403, 0.25918367346938798 -0.29387755102040836, 1.23877551020408183 -0.08571428571428585, 0.99795918367347003 0.32346938775510198, 0.97202415660141694 0.28298261141191161, 0.92095689296126693 0.28148063306955423, 0.88971574344023407 0.21178883798417317, 0.84345481049562765 0.22981257809246136, 0.81461682632236654 0.18475322782174083)
LineString (-1.03871604518525262 0.2484907118426537, -1.0326530612244893 0.333673469387755, -1.00408163265306127 0.28163265306122448, -0.94897959183673419 0.33775510204081616, -0.91224489795918318 0.26632653061224476, -0.94285714285714239 0.17040816326530595, -0.99387755102040765 0.06020408163265295, -0.94693877551020367 0.07040816326530597, -0.92244897959183625 0.11326530612244884, -0.85306122448979549 0.10510204081632635, -0.8775510204081628 0.03163265306122431, -1.00612244897959124 -0.0642857142857145, -1.11632653061224474 -0.13877551020408174, -0.88775510204081631 -0.18775510204081636, -0.67959183673469381 -0.01224489795918382, -0.65918367346938767 0.16326530612244894, -0.58571428571428563 -0.01632653061224509, -0.5 0.2204081632653061, -0.39795918367346927 0.19999999999999996, -0.48367346938775513 -0.14285714285714302, -0.33265306122448979 0.02857142857142847, -0.34897959183673466 0.2857142857142857, -0.16530612244897958 0.27755102040816315, -0.30816326530612237 -0.07755102040816331, -0.21428571428571419 -0.29387755102040836, 0.01020408163265296 -0.2081632653061225, 0.04693877551020398 0.00816326530612232, -0.14489795918367343 0.01632653061224476, -0.04693877551020398 0.14285714285714279, 0.11224489795918391 0.08571428571428563, 0.30000000000000027 -0.08163265306122458, 0.11224489795918391 -0.17959183673469403, 0.25918367346938798 -0.29387755102040836, 1.23877551020408183 -0.08571428571428585, 0.99795918367347003 0.32346938775510198, 0.97202415660141694 0.28298261141191161, 0.92095689296126693 0.28148063306955423, 0.88971574344023407 0.21178883798417317, 0.84345481049562765 0.22981257809246136, 0.83729669929196215 0.16522750937109512, 0.80966029779258697 0.15741722199083691, 0.79283814035818467 0.17363858808829627, 0.7940397230320706 0.1934647022074133, 0.80485396709704349 0.20848448563098679, 0.82047454185755986 0.20127498958767151, 0.82107533319450288 0.18385204081632625, 0.81026108912952988 0.18024729279466861)
